% y=[0.79 0.83 0.93 0.97 1.08 1.14 1.07 1.29 1.37 1.5 1.59 1.70 1.79 1.96 2.25 2.39 2.69 2.77 2.63 3.29 3.41 3.97 4.24 4.58 4.85 5.15 5.66 5.79 6.25];
% x=[ -1.3366 -1.2533 -1.1700 -1.0866 -1.0033 -0.9199 -0.8366 -0.7533 -0.6699 -0.5866 -0.5033 -0.4199 -0.3366 -0.2533 -0.1700 -0.0867 -0.0033 0.0800 0.1633 0.2467 0.33 0.4133 0.4967 0.5800  0.6633  0.7467 0.8300 0.9133 0.9967];
% x=x+2;
x=[2013 2014 2015 2016 2017 2018 2019]
y=[0.1 0.17 0.33 0.79 1.8 3.7 7.3]
x=x-2012.9;
%f=polyfit(x,y,2);
% myfun=inline('A(1)*exp(A(2)*x)+A(3)*exp(A(4)*x)','A','x');
% A = nlinfit(x,y,myfun,[700 -0.01 -700 -1 ])
% I=min(x):0.1:max(x);
% V=A(1)*exp(A(2)*I)+A(3)*exp(A(4)*I);
% plot(x,y,'o',I,V)
% u=1990.5;
% y=[1 20 660 19800]
% x=[1991-u 1996-u 2006-u 2018-u]