serve =

  1 至 14 列

     3     1     1     3     1     1     2     2     4     1     3     3     4     4

  15 至 28 列

     3     4     1     2     2     0     3     1     2     3     3     3     1     1

  29 至 32 列

     2     1     3     0

serve=[3     1     1     3     1     1     2     2     4     1     3     3     4     4 3     4     1     2     2     0     3     1     2     3     3     3     1     1 2     1     3     0]