serve =

  1 至 14 列

     1     3     2     4     3     2     4     3     3     1     2     4     4     2

  15 至 28 列

     1     1     3     1     3     1     3     3     3     1     4     2     2     3

  29 至 32 列

     1     1     3     3
